2911
1051
3327
2032
1467
4067
404
7666
984
1284
1186
11753
1469
2937
2891
975
395
5119
1166
4467
5570
2582
1317
2284
5463
3144
1850
866
2458
1327
3310
6008
5054
1997
6689
737
9039
954
5657
1354
1527
2485
3673
1165
4233
513
2131
5089
3120
2470
1669
1067
800
293
3499
7038
4692
7473
4668
3824
3117
2051
841
6111
3270
3793
663
2002
2609
558
2118
4204
852
1784
900
916
1340
1805
633
3207
1783
993
358
811
1440
3897
3614
2572
4211
7232
5740
778
806
8240
3233
989
713
1112
653
3628
2472
835
3197
9711
3031
1894
5175
751
3110
3228
4227
1005
1126
1460
1471
1669
890
2213
424
700
1265
2389
3689
709
775
321
608
746
1323
2703
1947
4097
2295
3501
1541
725
558
1300
1438
4363
3655
1171
3762
4254
856
438
1649
1223
1268
755
1768
2678
3656
721
7026
3070
1343
2978
1035
1197
1192
727
3609
2587
327
599
523
596
1036
3106
4196
1908
1427
2518
1993
1784
3070
4254
2726
1149
1349
3987
1087
484
4047
7723
827
1491
877
2022
2843
2968
1598
9350
1493
2655
2349
1006
3847
897
5367
1531
2203
5962
769
2699
1467
2758
742
6018
1809
1754
5595
1475
2216
5288
1542
2022
1944
747
1802
2702
5752
1878
1118
654
2320
2062
700
3296
4204
1424
1322
1505
2440
4613
2147
867
2224
1881
2813
2659
1122
1329
1178
2715
5378
4724
3401
1426
1132
956
618
6018
6966
2698
5137
3650
1396
2945
1742
2315
1292
2999
2588
5076
840
4122
2049
4978
3114
4315
1853
923
3955
333
686
13906
1324
3507
2552
2931
1747
1373
3562
4017
10592
497
1052
2069
1520
927
2860
4267
3614
1522
2177
465
5811
1111
1370
1940
4563
4763
1328
2398
2614
1339
2057
1675
2328
1212
1633
289
2695
3100
8053
495
750
3208
1578
2059
7808
2887
1582
1053
2696
2321
669
902
532
2654
1039
1740
990
620
4290
1437
1480
1317
321
1675
1115
3751
739
2200
2035
595
4462
1427
1695
3073
1830
1044
2896
8141
1037
3678
5528
944
1204
3125
724
431
4087
1305
1821
2269
666
1385
1657
8135
1365
13643
1061
3315
2582
2672
6961
1573
4446
3897
1784
1211
4219
1837
683
510
573
1580
2840
1232
880
5860
921
1692
1291
4482
2804
2211
1005
903
2105
943
2857
1492
1793
7360
4361
1328
2431
3093
2508
1499
903
9058
1309
2515
2976
1312
2222
440
7534
2873
2591
2868
1794
1455
1093
2170
3618
2020
8545
4716
5252
2264
1140
757
1797
8654
2606
1048
1175
14282
657
1578
3002
1790
7938
1348
617
1072
1008
1623
481
1634
2207
2653
5682
7079
3514
3921
583
1284
3771
2206
3147
1024
715
1448
1796
9183
3317
1161
2847
1417
1283
534
3549
1356
2426
2344
3173
2791
3504
2118
3482
548
687
1243
4877
1208
3286
9064
1357
853
2582
5503
4089
1475
1683
3099
1232
733
2153
1924
1973
885
5287
1320
3365
1968
1143
7626
1283
2410
1655
901
4445
1313
8525
1266
599
502
3792
1175
5335
792
4211
488
906
1264
951
1313
1215
1556
377
3982
1018
1566
1846
307
9078
1818
1039
2048
932
5536
2381
1035
1488
1431
3422
635
3766
2168
714
7444
718
5814
756
377
3068
5474
3958
188
2868
224
1682
2944
1001
6390
449
4058
1670
1136
2540
849
1356
3715
1228
2737
4351
3214
866
2676
629
984
5910
7397
2332
7905
3101
2437
5731
316
11406
2840
1228
8557
6122
627
2163
1971
5130
912
1423
1702
4259
703
1902
2153
984
537
2128
963
1007
4964
798
1707
1096
6771
504
6692
792
4274
2391
1151
419
1637
1655
3669
1612
1353
910
1866
2157
1720
163
1389
3142
1858
1727
3177
4639
1341
4587
1331
1065
624
4532
1572
2325
520
4682
1660
5922
2705
1366
2909
900
7764
1146
2659
534
2207
2015
8775
2693
1573
1298
2156
6144
3304
826
3151
3447
1004
1620
496
1931
3013
11014
1948
1659
1147
1936
751
2155
3333
2467
2587
5139
1183
1015
7686
3234
11938
5964
5210
1250
970
796
1128
356
847
1330
3670
1532
2642
3033
2632
1757
6241
842
3058
405
1407
525
1599
7024
1763
1053
3721
2873
1346
886
1896
2931
476
1298
683
928
2235
1031
1871
1250
1418
546
5443
879
3587
1059
4136
4207
1910
713
3294
285
2033
4665
277
989
3183
4404
708
7776
271
9208
481
4664
3617
4338
1300
2968
3041
490
7445
1586
1941
5170
1525
656
5501
1039
1497
8436
4622
980
7651
361
1740
1474
1874
3089
599
4808
2467
1760
540
1061
686
1341
3530
3020
520
10307
1381
6344
2443
2059
2541
2403
4143
3528
2866
2219
1869
1726
2593
721
2052
4349
820
1170
5402
1246
1701
2754
4181
1784
1767
392
4205
9418
1366
719
1473
2520
4454
1663
804
2277
6725
2699
2887
677
9743
3732
8827
3126
2987
1787
3996
3113
2715
809
2121
5620
1560
3406
10834
462
3611
1597
6728
1910
3184
3624
5065
5422
741
949
5345
240
1878
5124
5128
4626
4022
2958
3172
8961
3535
3477
2429
1736
1102
5637
5458
6777
725
3421
1186
2177
6999
1052
1487
3423
768
13245
8522
2620
2052
2776
1670
4413
4159
4134
1708
264
2105
438
2289
2057
1317
1155
955
1719
668
4582
688
1678
4396
4638
1326
4180
1401
7122
487
3524
764
316
493
1093
1642
532
1336
8247
4739
1633
4167
1126
5992
1504
2573
384
620
1107
1812
925
2651
5735
5018
1063
1962
727
1721
3173
5245
778
2052
1664
2683
1233
4422
7308
2796
1242
2063
1105
2421
1208
627
706
5519
2774
7367
423
4910
358
2096
5673
626
2968
939
1559
911
518
3330
539
1358
3181
1722
1284
1344
2693
1664
5621
4801
1032
738
1085
2286
6416
373
903
3124
574
4957
